No 1:
result:	[ 2  7 11  1  6  3  4  8  0 10  5  9]
cost:	1660
time:	103.13565200000001
No 2:
result:	[ 9  3  0 10  5  6  7  8 11  1  2  4]
cost:	1652
time:	114.16781710000001
No 3:
result:	[ 2  7 11  1  6  3  4  8  0 10  5  9]
cost:	1660
time:	115.40535840000001
No 4:
result:	[ 9  3  0 10  5  6  7  8 11  1  2  4]
cost:	1652
time:	113.37879040000001
No 5:
result:	[ 8  4  7  1  2  5  3 11  0 10  9  6]
cost:	1676
time:	119.41373970000001
No 6:
result:	[ 2  7 11  1  6  3  4  8  0 10  5  9]
cost:	1660
time:	112.33476900000005
No 7:
result:	[ 9  3  0 10  5  6  7  8 11  1  2  4]
cost:	1652
time:	109.92607520000001
No 8:
result:	[ 7  3  0 10  2  9  6  8 11  1  5  4]
cost:	1656
time:	115.79066309999996
No 9:
result:	[ 9  3  0 10  5  6  7  8 11  1  2  4]
cost:	1652
time:	108.58089519999999
No 10:
result:	[ 9  3  0 10  5  6  7  8 11  1  2  4]
cost:	1652
time:	106.98633299999995
