No 1:
result:	[ 2  7 11  1  6  3  4  8  0 10  5  9]
cost:	1660
time:	126.24026339999999
No 2:
result:	[ 3  7 11  1  6  4  2  8  0 10  5  9]
cost:	1660
time:	122.7588929
No 3:
result:	[ 9  3  0 10  5  6  7  8 11  1  2  4]
cost:	1652
time:	117.17142290000001
No 4:
result:	[ 9  2  8 10  5  7  6  0 11  1  3  4]
cost:	1654
time:	118.94685179999999
No 5:
result:	[ 9  3  0 10  5  6  7  8 11  1  2  4]
cost:	1652
time:	115.84959620000001
No 6:
result:	[ 3  7 11  1  6  4  2  8  0 10  5  9]
cost:	1660
time:	117.95571529999995
No 7:
result:	[ 9  3  0 10  5  7  6  8 11  1  2  4]
cost:	1652
time:	116.78043109999999
No 8:
result:	[ 9  3  0 10  5  6  7  8 11  1  2  4]
cost:	1652
time:	115.07495959999994
No 9:
result:	[ 9  3  0 10  5  6  7  8 11  1  2  4]
cost:	1652
time:	118.70816450000007
No 10:
result:	[ 9  2  8 10  5  6  7  0 11  1  3  4]
cost:	1654
time:	116.58751510000002
