No 1:
result:	[ 3  7 11  1  6  4  2  8  0 10  5  9]
cost:	1660
time:	131.6961714
No 2:
result:	[ 9  4  8 11  5  7  6  0 10  2  1  3]
cost:	1672
time:	146.18352750000003
No 3:
result:	[ 2 10 11  1  6  5  3  8  0  7  4  9]
cost:	1674
time:	139.02982279999998
No 4:
result:	[ 2  7 11  1  9  3  4  8  0 10  5  6]
cost:	1666
time:	143.5976301
No 5:
result:	[ 8  9 11  1  2  6  3  7  0 10  4  5]
cost:	1676
time:	140.89322979999997
No 6:
result:	[ 3  9 11  0  7  5  2  8  1 10  4  6]
cost:	1666
time:	144.0785659999999
No 7:
result:	[ 7  3  0 10  2  9  6  8 11  1  5  4]
cost:	1656
time:	144.12909519999994
No 8:
result:	[ 2  7 11  1  6  4  3  8  0 10  5  9]
cost:	1660
time:	145.4498668
No 9:
result:	[ 9  4  8 10  7  6  5  0 11  2  1  3]
cost:	1686
time:	143.29735640000013
No 10:
result:	[ 9  3  0 10  5  7  6  8 11  1  2  4]
cost:	1652
time:	137.93331200000011
