No 1:
result:	[11 19 16  0 20  5 10  9 17 18  2 12  4  7  6  3 13  1  8 14 15]
cost:	2442
time:	397.6021664
No 2:
result:	[18  5  2  0  6 12 17 16  3 11  9 19  4  7 13 10 20  8 15 14  1]
cost:	2438
time:	369.2086103
No 3:
result:	[ 3 13 17 14  6  5 10  8 19 11  7  4 12 16  0 18  1  2  9 15 20]
cost:	2460
time:	373.47596239999996
No 4:
result:	[18  5  2  0  6 12 17 16  3 11  9 19  4  7 13 10 20  8 15 14  1]
cost:	2438
time:	372.4717289
No 5:
result:	[11 19 16  0 20  5 10  9 17 18  2 12  4  7  6  3 13  1  8 14 15]
cost:	2442
time:	395.48886070000003
No 6:
result:	[ 9  1  4 20  0 15 10 11  3  2 18  8 16 13 14 17  7 19 12  6  5]
cost:	2442
time:	412.73613720000003
No 7:
result:	[16  0 11 20  7  8 10 18  3  2 17  9  1 13 15  4 14 12 19  6  5]
cost:	2446
time:	412.4204107999999
No 8:
result:	[11 19 16  0 20  5 10  9 17 18  2 12  4  7  6  3 13  1  8 14 15]
cost:	2442
time:	382.88789429999997
No 9:
result:	[16  1  4  6  0  8 17 18  3  9 11 15  2 13  7 10 14 12 19 20  5]
cost:	2438
time:	462.42338020000034
No 10:
result:	[ 2 13 17 14  6  4  9 15 10  3  7  5 11 19  0  8  1 18 16 20 12]
cost:	2456
time:	383.98814059999995
