No 1:
result:	[ 5  7  6 19  9 11 13 17  4  8  0 24 16 23 20 15 10 18 22  2 12  1 21  3
 14]
cost:	5388
time:	582.7863345000001
No 2:
result:	[ 7  0  9  2 17 13  4  5  8 20 23  6 14 18 24 21 12 16 22 15 10  3  1 19
 11]
cost:	5164
time:	617.9916947
No 3:
result:	[13  7 23 17  9 19  2  8  0 14  1 21 24 16 11 15 20 18 10 22  6 12  3  5
  4]
cost:	5848
time:	597.4352503
No 4:
result:	[11  5  9  7 17 12  6  0 18 19  2 13 14 22  3 21 16 24 23 15  1 10  4  8
 20]
cost:	5560
time:	569.6652684999999
No 5:
result:	[19  2 14 17 15 24  6 13 16  0 11 21  8 22  1 12 20  3  4 18 10 23  7  5
  9]
cost:	5608
time:	543.6348659
No 6:
result:	[ 1  5  3  7 15  0 10 20  2 18  6 13  4 16 24  9 12 21 22  8 23 11 14 19
 17]
cost:	5396
time:	575.9159699000002
No 7:
result:	[ 5  7  3 17  9 11 13  2 24 14 19 21 16 22  6 15 20  4 18  8 12  1 10 23
  0]
cost:	4690
time:	554.9177201999996
No 8:
result:	[ 0  2 11  5 21  4 12 24 13  9  7 10 22  8 18 23  1 20 15 16  6  3 19 14
 17]
cost:	5674
time:	623.2123681000003
No 9:
result:	[24 19  2 14  0  9 20  7 21  5 17  8 15 22 13  4 18  1 10  6 16 23 12 11
  3]
cost:	4514
time:	461.7383930999995
No 10:
result:	[21 19  0  6  5 17 14  7 15 11  9  2 20 10 12  1 22  8 16  4 24 23 13 18
  3]
cost:	4896
time:	439.1823829999994
