No 1:
result:	[ 2 14  8 21 19  3 18  9  5 15  6 17 11 16 12 24  0  1 23 22 13 10  4  7
 20]
cost:	9368
time:	716.5664935
No 2:
result:	[ 3  6  4 13 17  7  2  5 15 16 24  0 14 18  1 21  8 22 20  9 11 10 23 19
 12]
cost:	9536
time:	668.1697069
No 3:
result:	[21 17  2  4  7  8 20  5 22 19 15 16 18 14 10 23  0 24 13  6  9 11  1  3
 12]
cost:	10624
time:	669.7226845000002
No 4:
result:	[19 24 22  6 17 23 15  5  4  2 14  0 12 20 18 21  1  8 13 11  3 16 10  9
  7]
cost:	11068
time:	675.6606880999998
No 5:
result:	[12  3  2 19 20  7 14  0  5 17  9 24 13 22 15 11 23  8 10  1 18 21 16  4
  6]
cost:	9922
time:	679.0394579000003
No 6:
result:	[20  7 21 14 23 17  2 11  5 19  1  3 16 10  9 18  8 24 22  4  6 12 13  0
 15]
cost:	10934
time:	679.6855881000001
No 7:
result:	[ 7  3 16  4  2 13 21  5 15 24 17 12 22  6 10 20  0 23 19 14  8 18  1 11
  9]
cost:	9686
time:	669.8021891000003
No 8:
result:	[24  7 23  9 18 11 12 13 20 15 10  6 22 16  1 14  2 21  4  8  0 19  3  5
 17]
cost:	10952
time:	707.3998715999996
No 9:
result:	[ 3 17 14  4  1  9 23 20 10  2 19  0 24 16 13  5 22  8  6 15 21 12 11  7
 18]
cost:	8352
time:	662.3172699999996
No 10:
result:	[21  2 19  8 15 24  5  7 18 22  1  3  0 23 12 20 17  9 10  4  6 16 13 11
 14]
cost:	9128
time:	687.5907068000006
