No 1:
result:	[ 2  7 11 13 14 16 10  4  9  1  5 17 15 20  6 12  0 18  3 19  8]
cost:	2506
time:	414.571312
No 2:
result:	[ 2 14  8 13  7 11 10  3 16  9  5 18 17 20  6 12  0  4  1 19 15]
cost:	2556
time:	383.1366349
No 3:
result:	[ 4 19 16  7 20 12  3  2 17 10  0  5 11 14 13  9  6  8  1 15 18]
cost:	2472
time:	385.51806579999993
No 4:
result:	[18  6  2  0 13 12 10  9  4 11  8 19  5 14 15  1 20 16 17  7  3]
cost:	2480
time:	384.63717169999995
No 5:
result:	[13 15 17 20 14  7 11  5 18 12 19  8  9  1  0 10  6  3  4  2 16]
cost:	2530
time:	409.39096930000005
No 6:
result:	[11 13 16  0 20  6 10  9  4  3  1 12  5 14  7  2  8 18 17 15 19]
cost:	2510
time:	430.62774720000016
No 7:
result:	[15  5  3  0  6 13 16  8 18 17  1 20 19  4  7 10 14  2  9 11 12]
cost:	2522
time:	437.49412619999976
No 8:
result:	[ 1  8 12 19  7 15  4  5  3  2 18 16  9 20 14 11  0 17  6 13 10]
cost:	2518
time:	410.5746795
No 9:
result:	[16 13  3  0 20 19  9  1 11 10  7 18 12  4 14  8 15 17  2  5  6]
cost:	2460
time:	459.06923440000037
No 10:
result:	[18  5  2 14  6 13 10 16  3 11 17 12  4  7 20  9 19  8 15  0  1]
cost:	2448
time:	367.59030649999977
