No 1:
result:	[ 0  1  2  7  9  3  5 17 24 14 19 13  8 16 21 15 12 18 10  6 11 22 20 23
  4]
cost:	4484
time:	475.9706727
No 2:
result:	[ 5  1  2 17 19 11  8  0 18  7 14 21 16 22 15 24 20 13 12  6  3 10  4  9
 23]
cost:	4234
time:	509.51126630000005
No 3:
result:	[24 17 14  5  7 19 21  8  6 12  2 10 23 16  3 13  1 22 15 18 11 20  4  0
  9]
cost:	5132
time:	490.2393470999999
No 4:
result:	[ 9  0  2 19 17 14  1  7 11 20  5 24 18 10 12 21 23 16 22  6  3  4 13  8
 15]
cost:	4484
time:	481.45037479999996
No 5:
result:	[ 5 10  3 17  2 11 12 19 13  9  7 21 16 22 23  6 20  4 15  8 18  1 24 14
  0]
cost:	3972
time:	468.3879548
No 6:
result:	[13  3  2 19  9  7 21  1 20 14 17 24 12 22  5 15 23 18 10  6 16  8  0 11
  4]
cost:	4272
time:	444.91898649999985
No 7:
result:	[ 9  5  6 17 19 14  1 10  4  7  0 21 18 22  8 24 20 13 12  2 11 15 16  3
 23]
cost:	4780
time:	468.5290851
No 8:
result:	[17  8 14  5  7 11  3 19  4 12  0  1 16 10  6 13 21 15 22 18 23 20 24  2
  9]
cost:	4512
time:	468.7039679999998
No 9:
result:	[24  3 14  7  6 19 20  1 21 16 17 13 23 22  5  2 12 15 10 18  0  8  4 11
  9]
cost:	4310
time:	485.5914886000005
No 10:
result:	[ 5  1 18 19 17 11  4  8 15  7  9 24 16 22  6 21 23 13 12 14  0 10  3  2
 20]
cost:	4658
time:	492.0244994000004
