No 1:
result:	[ 9  7 10 12 14  0 11  5 15 18 19  3  1 16  6  4 13  2 17 20  8]
cost:	2784
time:	426.8660587
No 2:
result:	[19  5  3  8  6 13 17 16  4 11 12 18  1  7 10  9 20  2 15 14  0]
cost:	2768
time:	430.36584199999993
No 3:
result:	[13  7 11  5 14 16 10  4  1 15 17  9  8 18 19  3  6 12  2 20  0]
cost:	2752
time:	448.50491769999996
No 4:
result:	[ 2 14 12 18 15  1  4  5 13 17  6  0 16 10  7 11  8  9  3 19 20]
cost:	2820
time:	442.41973240000016
No 5:
result:	[16 15 12  3 19  7  9 10 11 17  8 14  0  6  1  2 20  5  4 13 18]
cost:	2828
time:	457.06148270000017
No 6:
result:	[ 2  7  9 13  0  1 10 12 19 17  4  8  3 11  6  5 20 15 18 14 16]
cost:	2828
time:	440.89299319999964
No 7:
result:	[ 7 20 16 17  5  6 10  8 13 18  9 11 12  2  4  3  0 15 14  1 19]
cost:	2780
time:	456.1390919999999
No 8:
result:	[ 1 20  9 11 13  6 15  8 18 16 14  4  5  3  2 17 10  0  7 12 19]
cost:	2834
time:	441.96043370000007
No 9:
result:	[ 3  1  4  6  0  7 11 17 10  9  5  2  8 20 15 16 18 19 12 13 14]
cost:	2820
time:	455.53252489999977
No 10:
result:	[15 13 20 12  6  8 18 17  4 10  5  9  3  0  2 11 14  1 16  7 19]
cost:	2800
time:	437.9016898
