No 1:
result:	[24  7 20 16 23  0 26 17  9  6 19  8  4 21 10 11 14 28 25 13 12  2 29  1
 22  5 27 18  3 15]
cost:	681998384
time:	884.4378021
No 2:
result:	[ 2 22  0 16  4 14 29  3 21 13  6 24 11 25 10  7  5  8 20  9  1 17 27 19
 26 23 28 15 12 18]
cost:	646036371
time:	828.097381
No 3:
result:	[ 2 20  8 16 29 15 23  6 12 14  4 26 27 25  0  7  1 21 28  9  5 11 17 24
 22 13 19 18 10  3]
cost:	669720017
time:	815.9545378999999
No 4:
result:	[24  2 20 18 23  9 29 17  5  6 19 25 22 10 15 11 14 26 16 13 12  4 27  8
  7  1 28  0  3 21]
cost:	653693372
time:	963.4890572999998
No 5:
result:	[11  2 15 16 22  9 26 21  5  6 23 14 20 25 18 24 13 27 12 19 17  4 29  8
  7  1 28  0  3 10]
cost:	654575610
time:	1554.0822316999997
No 6:
result:	[27 20 26 25  8 23  7  6 19 14  4 18 10 22 16 28  0  5 15  3  9 11  2 24
 29 17  1 13 12 21]
cost:	652566246
time:	1975.6337900999997
No 7:
result:	[20  2 15 18 25  9 26 21  6  4 16 24 11 10 13 22 17 28 14 19 23  1 29  8
  7  5 27  0  3 12]
cost:	654085402
time:	2118.987712599999
No 8:
result:	[24 27 20 21 23  6 25 17  8  4 19  2  7 15 18 11 12 16  0 13 14 26  5 29
 22 28  1  3  9 10]
cost:	683333881
time:	3066.8651241000007
No 9:
result:	[ 2 20  0 27 26 12 25  4 19 14 28 18 10  8  9  7  1 16 15  6  5 11 22 24
 29 17 23 21 13  3]
cost:	652507252
time:	2205.8058607000003
No 10:
result:	[11  8 17  0 16 10 25 19  6  3 23 27 26 22 15 20 24  1 28 13 14  5  7  9
 29  4  2 21 18 12]
cost:	678703921
time:	681.6029342000002
