No 1:
result:	[26 13  7  6 17  3  1  4  0 25 16 19 24 31  2 29 30 12 27  9  5 22 10 14
 21 15 11 20 18 23 28  8]
cost:	112740
time:	1069.7881914999998
No 2:
result:	[21 14 29 25  2  5  0 11 19 16 10  8 31  3  9 30 28 24 26 18 20 22 23 13
  6  1 17 12  4  7 15 27]
cost:	115050
time:	1089.8114649000001
No 3:
result:	[ 1 31 14  3  5 22 25 24  0 16 15 10  7  4 21  2 28 27 13 29 19  8  6 26
 18 12 11  9 20 23 17 30]
cost:	115220
time:	1082.6946148000002
No 4:
result:	[14  3 21 27 15  8 16  9  0 12  7  6 11 10  4 30 26 19 31 28 22 24  5  2
 17  1 25 18 13 29 23 20]
cost:	115230
time:	1119.4195623000005
No 5:
result:	[14 19  8 29  6  4  5 25  1  7 16 31  9 20 18 17  2  0 15 23 11  3 10 13
 27 21 12 24 30 22 26 28]
cost:	112630
time:	1106.0278532000002
No 6:
result:	[18 28 25 26 22 15  2 13 27 14 16 31  7  1  4 17  9 23 24 29 30 20  3 21
 12  8  5 10 11  6 19  0]
cost:	113890
time:	1099.4238821999998
No 7:
result:	[30 19  4  7 26  0 16  8 25 15 10  6 24 14  9 27 18 28  1 20 23  3  5 22
 13  2 11 17 29 12 21 31]
cost:	112510
time:	1111.1397674
No 8:
result:	[20 14  4 29  5 15 12  1 23  8 16  6 18 19  7 30 22  2 24 17 28  3 25 13
  9 11 10 21 27 31  0 26]
cost:	113530
time:	1361.9551661999994
No 9:
result:	[24 30 26 18 13  7 27  9 17 16 14 31 11 12 22  8 29 23 19 28 25 20  6  3
  4  1 21  5  2 15  0 10]
cost:	110150
time:	1280.8585678
No 10:
result:	[29 10 12  7 15  6 21  9 27  8 11 16  1  0 22  4 24 26 18 30 25 13 17 31
  3 14  2 19 23  5 20 28]
cost:	114750
time:	1370.1135706000005
