No 1:
result:	[ 2 12 26 24 16 20 25  1 21 11  7  8  5 13 29 28  4 18  0  9  6 15 17 14
  3 10 23 22 19 27]
cost:	780990136
time:	974.8520215
No 2:
result:	[24  0 12 21  3  5  6 19 27 29 15 20 25 14 18 23 16 28 13 17 22  2  9  7
 10  4 26  8  1 11]
cost:	769146146
time:	1017.5618663
No 3:
result:	[ 7 11  6  8 24 12 10 26 18 19 17 14 13  0  3  2  9  5 22 29 27 16 25 23
  4 15 20 28 21  1]
cost:	844139418
time:	1037.5201427000002
No 4:
result:	[12 22 18 13 16  7  0 23 28  3 19  8 26 25 14 11 24  5 27 15 10 21  2  9
  4 29  1 20  6 17]
cost:	774371458
time:	1021.3625344000002
No 5:
result:	[10 23  6 16 24 28 12 17  0  9 18 29 26 11  8 14 15 22  7 13 21  4 19  5
 20 27 25  3  1  2]
cost:	810893342
time:	1043.8317679999996
No 6:
result:	[14 26 24 22 10  8 12 16  5  3 21  6  7 28 17 13 23 18 27 15 11  1  2  0
 25  4 29 20  9 19]
cost:	811652230
time:	1271.3535544000006
No 7:
result:	[14 11 15 20 29  1  7  8 19  4  6  9  0  5 21 10 16 12 28 25 23 13  2 18
 26 22 27 24  3 17]
cost:	817069731
time:	1158.4188177999995
No 8:
result:	[16 24 23 22  3 10  8 27 14 21  0 28 26 29 19 25 12  5  7  6  1 11  4 18
  2 13  9 17 20 15]
cost:	795313166
time:	1132.5743250000005
No 9:
result:	[ 9  3 19 12 18 23 28 14  1 10 13 26  2 21 22  6 20  8  4 24 16  5 27  7
 25  0 29 17 15 11]
cost:	825891057
time:	1181.972883800001
No 10:
result:	[ 3 15 27 10  7 13 21  1 23 14  9 29 28 18 20  4  5  2  0  8  6 16 22 17
 26 25 11 19 12 24]
cost:	744530071
time:	969.8575311000004
