No 1:
result:	[14  3  2 21  4  1 15  5  6  0 16 10  7 19  8 11 31 26 17 13 27 23 25 24
  9 20 12 29 18 28 22 30]
cost:	92850
time:	825.4380507000001
No 2:
result:	[30 26 17 13 31  0 15 21 11 10 16 12 20  7  6  8 18 24 25 29 23  2  3 14
 22  5  1 27 28 19  4  9]
cost:	92230
time:	843.4728251
No 3:
result:	[17 15 16 10 25  4  1  0  2  5  3 21 24 23 14 31 26 13 12  8 29 19  6  7
 30 22 20 11 18 28 27  9]
cost:	91840
time:	883.0734469000001
No 4:
result:	[13 15 25 17 10 16  1  3  0  4  5 14 11 21  2 26 30  7 29 24 12  6 20 31
  8 19 28 23 27  9 22 18]
cost:	92600
time:	921.7711506999999
No 5:
result:	[11 10  2  5 21  0  1  4  7  6 15 16 30  8  3 14 31 22 23 24 18 20 28 25
 13 12 19 17  9 27 29 26]
cost:	95170
time:	844.9110436999999
No 6:
result:	[26 14 25 29 17  2  5 24 13 21 11 23 30 18 22 28 27  9  3 31 15 16  1  4
 12 10  0  7  8  6 19 20]
cost:	94070
time:	808.7824203
No 7:
result:	[11 16  0 21 10 15  4  1  2  5  3 14 26 17 25 29 22  8  7  9 20 12  6 27
 28 23 19 30 18 13 24 31]
cost:	90500
time:	837.6720627000004
No 8:
result:	[11  0  7 29 21 10 16 15  2  3  4 25 14  5  1 24  9 31  8 30 27 12  6 13
 22 20 19 17 18 28 23 26]
cost:	91250
time:	918.0329672999997
No 9:
result:	[11  0 19 28  2  5  4 22 14 25  3 23 26 17 29 24 12  8  7 18 10 16  6 20
 21 15  1 31 27 13  9 30]
cost:	95560
time:	806.3621619999994
No 10:
result:	[18 30  9 26  8 12 27 17 20 11 21 13 28 22 23 24  7 15  4 31  6 16  1 14
  0 10  3 25 19  2  5 29]
cost:	91890
time:	757.4313767000012
