No 1:
result:	[27 14 18 17 22 19 25  3 12  5 16 24 11 23 21 26 28  1 20  0  8  7  6  2
 29 13  4 10  9 15]
cost:	776790129
time:	710.8570013000001
No 2:
result:	[24 16 20 25 27 21 29  4 19  9 28 18 10 22 12 11 14  2 15  0  7  3  8  5
 26 23  1 17  6 13]
cost:	758341826
time:	645.4061943
No 3:
result:	[24  3 20 21 25  5  7 23  6  4 16 18 10 22 12 11 14 29 15 19 17 28  2 27
 26  9  8  0  1 13]
cost:	674234317
time:	638.9173872000001
No 4:
result:	[29 12 25  1  7 13 22  5 20 15  2 28 27 16 19 26  6  0  4  9  3 18 11 10
  8 14 24 17 21 23]
cost:	702893953
time:	684.3331214000002
No 5:
result:	[27  1 24 23 20 16 22 14  3  0 17  2  7 11 19 26 10  4 25 12 18  5 28  6
 29  9  8 15 21 13]
cost:	746727182
time:	770.6976301
No 6:
result:	[20 26 24 21 14  1 25 13  4  8 12  2  7 15 18 11 17 16  0 19 23 27  9 28
 22 29  6  3  5 10]
cost:	684115317
time:	1373.4913174000003
No 7:
result:	[ 1 11  7 20  8 13 29  3 14 15  0 16 25 22 17  2  5  4 23  9  6 10 27 18
 26 24 28 12 21 19]
cost:	653911380
time:	1218.4757431999997
No 8:
result:	[12 29 20 16 11  5 24 17 28  6 23  2  7 25  3 14 21 15  1 19 13  8 18  4
 22 26 10 27  9  0]
cost:	697330381
time:	1648.9211794000003
No 9:
result:	[27 24 26 20  7 19  2 25 17 13 21  1  8 22 18 28  0  9  5 16  3 14  4 12
 29 11  6 15 23 10]
cost:	712697275
time:	1624.3321028999999
No 10:
result:	[ 2 10  0 28 26 12 25  4 21 14 27 24 11  8  9  7  1 16 20  6  5 19 22 17
 29 15 23 18 13  3]
cost:	651636311
time:	1122.2882037999989
