No 1:
result:	[18 28 23 31 22 20 19 29  9  6  7 26 27 12  8 30 14  5  2 24  3  1  4 25
 21 15 16 17 11 10  0 13]
cost:	88700
time:	672.6100865999999
No 2:
result:	[14  4  1 23  3 16  2  5 21 15  0 11 29 10 25 24 31  7 19 28  9  6 20 22
 27 12  8 18 30 13 17 26]
cost:	90570
time:	696.6066374000001
No 3:
result:	[24 25 17 26  2  4 16  0  5  1 15 10 14  3 21 11 30 29 13 31 23 19  7  8
 28 20  6 12 18 22  9 27]
cost:	88700
time:	707.0439632
No 4:
result:	[ 9 20 28 18 27 22 24 23 13 17 25 14 30 26 29 31  8  6  7 19 12  0  1  4
 10 16 15  3 11 21  2  5]
cost:	89860
time:	712.9619623000003
No 5:
result:	[21  3 14 26 10 16 15 17  0  1  4 25 11  2  5 29 31  9 27 30  8  6 12 13
  7 19 23 24 22 20 28 18]
cost:	90000
time:	767.6436681999999
No 6:
result:	[30 23 28 18 24 19 20 22 13  7  6  9 31  8 12 27 29  5  3 14 25  1  4  2
 17 16 15 21 26  0 10 11]
cost:	88700
time:	701.8323646000003
No 7:
result:	[14  3  5 24  2  1  4 25 21 16 15 17 11 10  0 13 18 28 23 31 22 20 19 29
  9  6  7 26 27 12  8 30]
cost:	88700
time:	668.9792339000005
No 8:
result:	[31 26 14 29 13 17 25 24 27  9 22 23 30 18 20 28 11 21  3  2 10 16 15  5
 12  0  4  1  8  6  7 19]
cost:	89760
time:	676.2431151000001
No 9:
result:	[27 12  8 30  9  6  7 26 22 20 19 29 18 28 23 31 11 10  0 13 21 16 15 17
  3  1  4 25 14  2  5 24]
cost:	88700
time:	697.7836690999993
No 10:
result:	[31 23 28 18 24 19 20 22 13  7  6  9 30  8 12 27 29  5  2 14 25  1  4  3
 17 16 15 21 26  0 10 11]
cost:	88700
time:	815.1314986999996
